Muestra,Tiempo (s),Voltaje (V),Temperatura (°C)
0,0.000651,-135277392.000000,959687.000
1,0.002479,-135238608.000000,959687.000
2,0.004263,-135177968.000000,961980.000
3,0.006008,-135144864.000000,961980.000
4,0.008034,-135144560.000000,961110.000
5,0.010111,-135102032.000000,961110.000
6,0.011957,-135067936.000000,961035.000
7,0.013916,-135089328.000000,959117.000
8,0.016436,-135035712.000000,959117.000
9,0.018470,-134960432.000000,957874.000
10,0.020815,-134951552.000000,957874.000
11,0.022838,-134965616.000000,956236.000
12,0.024832,-134951104.000000,956236.000
13,0.026742,-134936928.000000,957552.000
14,0.029152,-134917104.000000,957552.000
15,0.032060,-134864752.000000,957773.000
16,0.034068,-134879680.000000,957773.000
17,0.036035,-134926080.000000,961298.000
18,0.038052,-134939440.000000,961298.000
19,0.040414,-134942912.000000,958873.000
20,0.042952,-134944352.000000,958873.000
21,0.045069,-134846240.000000,969361.000
22,0.047082,-134778416.000000,969361.000
23,0.049078,-134831056.000000,978643.000
24,0.051113,-134925536.000000,978643.000
25,0.053535,-135015040.000000,972504.000
26,0.055313,-135051504.000000,972504.000
27,0.056971,-135067136.000000,974230.000
28,0.059391,-135010992.000000,974230.000
29,0.061761,-134930752.000000,974882.000
30,0.064356,-134880576.000000,981257.000
31,0.066318,-134848096.000000,981257.000
32,0.068496,-135032416.000000,969604.000
33,0.070662,-134983728.000000,969604.000
34,0.072802,-134636576.000000,984416.000
35,0.074932,-134352352.000000,984416.000
36,0.077247,-134377296.000000,1009443.000
37,0.079482,-134704624.000000,1009443.000
38,0.081568,-134879760.000000,954468.000
39,0.083486,-134954448.000000,954468.000
40,0.111608,-134924608.000000,959600.000
41,0.164228,-134895104.000000,959600.000
42,0.216018,-134903744.000000,969775.000
43,0.268492,-134713392.000000,969775.000
44,0.320199,-134471392.000000,985301.000
45,0.372303,-134409040.000000,985301.000
46,0.424331,-134424944.000000,998699.000
47,0.476618,-134436064.000000,998699.000
48,0.528686,-134450128.000000,994391.000
49,0.581027,-134486384.000000,994391.000
50,0.632980,-134499968.000000,993457.000
51,0.685322,-134768560.000000,993457.000
52,0.737302,-134735264.000000,996232.000
53,0.789381,-134400576.000000,991735.000
54,0.841361,-134350208.000000,991735.000
55,0.893605,-134342816.000000,998437.000
56,0.945858,-134400144.000000,998437.000
57,0.997840,-134449760.000000,986202.000
58,1.049922,-134485792.000000,986202.000
59,1.102139,-134507888.000000,986132.000
60,1.154243,-134511040.000000,986132.000
61,1.206367,-134594176.000000,988593.000
62,1.258641,-134572784.000000,988593.000
63,1.310692,-134528144.000000,981083.000
64,1.362855,-134660896.000000,981083.000
65,1.414837,-134780688.000000,960826.000
66,1.467037,-134824880.000000,960826.000
67,1.519245,-134840848.000000,961353.000
68,1.571428,-134887056.000000,961353.000
69,1.623730,-134895280.000000,959966.000
70,1.675939,-135052112.000000,959966.000
71,1.727985,-135050800.000000,958424.000
72,1.779869,-134828000.000000,958424.000
73,1.832124,-134811296.000000,958279.000
74,1.884420,-134745504.000000,958279.000
75,1.936571,-133225712.000000,956307.000
76,1.988594,-129693480.000000,958713.000
77,2.040557,-124936248.000000,958713.000
78,2.092899,-120055216.000000,958018.000
79,2.144852,-116157304.000000,958018.000
80,2.197201,-113049152.000000,955750.000
81,2.249178,-109752344.000000,955750.000
82,2.301741,-106241072.000000,958832.000
83,2.353767,-105199624.000000,958832.000
84,2.405762,-107760408.000000,957337.000
85,2.457922,-111803504.000000,957337.000
86,2.510119,-115635688.000000,956627.000
87,2.561787,-119162288.000000,956627.000
88,2.614320,-122348576.000000,955756.000
89,2.666435,-124974608.000000,955756.000
90,2.718605,-127134608.000000,955859.000
91,2.770692,-128497552.000000,955859.000
92,2.822906,-129233368.000000,954879.000
93,2.874902,-129799280.000000,954879.000
94,2.927083,-130410296.000000,954591.000
95,2.979325,-131413904.000000,954591.000
96,3.031400,-132617800.000000,958523.000
97,3.083145,-133515912.000000,958523.000
98,3.135608,-134124744.000000,964980.000
99,3.187545,-134449232.000000,966985.000
100,3.239673,-134710208.000000,966985.000
101,3.291808,-134950752.000000,965448.000
102,3.343928,-135008176.000000,965448.000
103,3.396130,-135033600.000000,963381.000
104,3.448126,-134993264.000000,963381.000
105,3.500359,-134993888.000000,962643.000
106,3.552498,-135121200.000000,962643.000
107,3.604641,-135231216.000000,960849.000
108,3.656803,-135287712.000000,960849.000
109,3.708992,-135297904.000000,959415.000
110,3.760993,-135286448.000000,959415.000
111,3.813181,-135263984.000000,961660.000
112,3.917620,-135136768.000000,965879.000
113,3.969951,-135064208.000000,965879.000
114,4.021668,-134950032.000000,968996.000
115,4.073914,-134905344.000000,968996.000
116,4.126020,-134890304.000000,970722.000
117,4.178031,-134844176.000000,970722.000
118,4.230289,-134788848.000000,971555.000
119,4.282343,-134771360.000000,969803.000
120,4.334362,-134730768.000000,969803.000
121,4.386736,-134713904.000000,971117.000
122,4.438640,-134737248.000000,971117.000
123,4.491034,-134734720.000000,969598.000
124,4.542982,-134709488.000000,969598.000
125,4.595259,-134746384.000000,969612.000
126,4.647258,-134825888.000000,969612.000
127,4.699545,-134816640.000000,967577.000
128,4.960232,-134618480.000000,986259.000
129,5.012397,-134675168.000000,985959.000
130,5.064636,-134763840.000000,985959.000
131,5.116535,-134828512.000000,980009.000
132,5.169060,-134857680.000000,980009.000
133,5.220932,-134819712.000000,980891.000
134,5.272820,-134740000.000000,980891.000
135,5.324936,-134649104.000000,986909.000
136,5.377221,-134559408.000000,986909.000
137,5.429352,-134498176.000000,988056.000
138,5.481649,-134747424.000000,996324.000
139,5.533838,-134704672.000000,996324.000
140,5.585979,-134367872.000000,994479.000
141,5.637991,-134357744.000000,994479.000
142,5.689956,-134390288.000000,995474.000
143,5.742292,-134431008.000000,995474.000
144,5.794212,-134488464.000000,992550.000
145,5.846629,-134558160.000000,992550.000
146,5.898761,-134639760.000000,985949.000
147,5.950809,-134758128.000000,985949.000
148,6.002885,-135004240.000000,968801.000
149,6.054988,-134970112.000000,968801.000
150,6.160213,-134922864.000000,957830.000
151,6.211301,-134910368.000000,953152.000
152,6.263734,-134806624.000000,953152.000
153,6.315860,-134731984.000000,981281.000
154,6.367992,-134835888.000000,981281.000
155,6.419780,-135074480.000000,953190.000
156,6.471893,-135577792.000000,953190.000
157,6.628455,-135358176.000000,918116.000
158,6.680551,-135509008.000000,910272.000
159,6.732849,-135606000.000000,910272.000
160,6.784962,-135647120.000000,908308.000
161,6.837160,-135628592.000000,908308.000
162,6.889144,-135595584.000000,920852.000
163,6.941354,-135611456.000000,920852.000
164,6.993299,-136155824.000000,915495.000
165,7.045799,-136085088.000000,915495.000
166,7.097792,-135468656.000000,915402.000
167,7.149694,-135486112.000000,915402.000
168,7.201956,-135553888.000000,913499.000
169,7.254087,-135519184.000000,913499.000
170,7.306097,-135408720.000000,925524.000
171,7.358270,-135322000.000000,925524.000
172,7.410438,-135268800.000000,939332.000
173,7.462593,-135326400.000000,939332.000
174,7.514896,-135401536.000000,939775.000
175,7.567018,-135229008.000000,939775.000
176,7.618926,-135168032.000000,940142.000
177,7.671293,-135252208.000000,940142.000
178,7.723449,-135217088.000000,929113.000
179,7.775248,-135492784.000000,929113.000
180,7.827523,-136086928.000000,898593.000
181,7.879967,-136068720.000000,879712.000
182,7.931851,-134695392.000000,879712.000
183,7.983819,-132552296.000000,937939.000
184,8.036072,-128224056.000000,937939.000
185,8.088826,-122385072.000000,939762.000
186,8.140259,-117935968.000000,939762.000
187,8.192415,-114591448.000000,940961.000
188,8.244694,-111368960.000000,940961.000
189,8.296932,-108009680.000000,943066.000
190,8.348845,-105520544.000000,943066.000
191,8.401154,-106330464.000000,949689.000
192,8.453219,-110038720.000000,949689.000
193,8.505414,-114109776.000000,952597.000
194,8.558162,-117726248.000000,952597.000
195,8.609370,-120697952.000000,958215.000
196,8.662178,-123188656.000000,958215.000
197,8.713763,-125365640.000000,1003671.000
198,8.766121,-127226520.000000,1003671.000
199,8.818379,-128402896.000000,1009776.000
200,8.870234,-128971232.000000,1009776.000
201,8.922336,-129352816.000000,1007291.000
202,8.974725,-130310152.000000,1010668.000
203,9.026508,-131511784.000000,1010668.000
204,9.078685,-132432192.000000,1014025.000
205,9.130772,-133156752.000000,1014025.000
206,9.183148,-133588544.000000,1014565.000
207,9.235300,-133885840.000000,1014565.000
208,9.287264,-134098688.000000,1016414.000
209,9.339347,-134184592.000000,1016414.000
210,9.391874,-134177656.000000,1025509.000
211,9.443792,-134271040.000000,1025509.000
212,9.495822,-134598224.000000,1018423.000
213,9.547824,-134684816.000000,1018423.000
214,9.600050,-134459664.000000,1013357.000
215,9.652284,-134398096.000000,1013357.000
216,9.704437,-134394096.000000,1023084.000
217,9.756779,-134430400.000000,1023084.000
218,9.809300,-134490016.000000,1013685.000
219,9.860766,-134390160.000000,1013685.000
220,9.913096,-134211864.000000,1027013.000
221,9.965143,-134186176.000000,1027013.000
222,10.017094,-134178976.000000,1030686.000
223,10.069240,-134036688.000000,1030686.000
224,10.121509,-133924576.000000,1030999.000
225,10.173561,-133910400.000000,1030106.000
226,10.225562,-133901152.000000,1030106.000
227,10.278031,-133909552.000000,1030059.000
228,10.330283,-133926912.000000,1030059.000
229,10.381981,-133893240.000000,1029546.000
230,10.434426,-133854680.000000,1029546.000
231,10.486480,-133966920.000000,1026504.000
232,10.538428,-134057072.000000,1026504.000
233,10.590827,-134033616.000000,1021924.000
234,10.642755,-134111168.000000,1021924.000
235,10.695066,-134180680.000000,1020728.000
236,10.747113,-134147096.000000,1020728.000
237,10.799198,-134142720.000000,1022229.000
238,10.851313,-134181248.000000,1022229.000
239,10.903674,-134143328.000000,1021677.000
240,10.955679,-134025360.000000,1021677.000
241,11.007642,-133977856.000000,1010921.000
242,11.059777,-134033680.000000,1010921.000
243,11.112042,-134070256.000000,1016665.000
244,11.164313,-134121912.000000,1016665.000
245,11.216372,-134178336.000000,1015231.000
246,11.268341,-134201552.000000,1015231.000
247,11.320718,-134151464.000000,1009493.000
248,11.372752,-134028768.000000,1031399.000
249,11.425178,-133955576.000000,1031399.000
250,11.477026,-133894360.000000,1031588.000
251,11.528965,-133879392.000000,1031588.000
252,11.581385,-133858576.000000,1032113.000
253,11.633548,-133817624.000000,1032113.000
254,11.685415,-133840048.000000,1032766.000
255,11.737514,-133855656.000000,1032766.000
256,11.789703,-133815784.000000,1035839.000
257,11.841772,-133793824.000000,1035839.000
258,11.893968,-133770000.000000,1043868.000
259,11.945993,-133737680.000000,1043868.000
260,11.998120,-133777480.000000,1041551.000
261,12.050506,-133844000.000000,1041551.000
262,12.102693,-133898104.000000,1035302.000
263,12.154632,-133952368.000000,1035302.000
264,12.206795,-133985184.000000,1030061.000
265,12.259115,-133983712.000000,1030061.000
266,12.311186,-133983536.000000,1030019.000
267,12.363127,-133999696.000000,1030019.000
268,12.415343,-133997088.000000,1027342.000
269,12.467577,-133982872.000000,1027342.000
270,12.519619,-134001680.000000,1022629.000
271,12.571732,-134086856.000000,1023997.000
272,12.624090,-134167208.000000,1023997.000
273,12.675965,-134264080.000000,1022329.000
274,12.728453,-134341888.000000,1022329.000
275,12.780410,-134325296.000000,1023602.000
276,12.832529,-134375520.000000,1023602.000
277,12.884628,-134376880.000000,1023394.000
278,12.936874,-134314320.000000,1023394.000
279,12.988916,-134320224.000000,1016695.000
280,13.041844,-134325648.000000,1016695.000
281,13.093589,-134301472.000000,1018028.000
282,13.145177,-134282944.000000,1018028.000
283,13.197346,-134257936.000000,1016514.000
284,13.249457,-134209040.000000,1016514.000
285,13.302136,-134133336.000000,1018061.000
286,13.354045,-134107624.000000,1018061.000
287,13.406373,-134044072.000000,1018693.000
288,13.458431,-133920816.000000,1018693.000
289,13.510294,-133915024.000000,1019821.000
290,13.562421,-133973224.000000,1019821.000
291,13.614694,-133992896.000000,1020508.000
292,13.666432,-134031056.000000,1020508.000
293,13.718651,-134062752.000000,1020810.000
294,13.770870,-134042304.000000,1021834.000
295,13.822935,-134063088.000000,1021834.000
296,13.875272,-134054912.000000,1022247.000
297,13.927110,-133815264.000000,1022247.000
298,13.979405,-132208960.000000,1022642.000
299,14.031718,-128633792.000000,1022642.000
300,14.083877,-123827696.000000,1021669.000
301,14.135665,-119031072.000000,1021669.000
302,14.187862,-115258288.000000,1021129.000
303,14.240225,-112077168.000000,1021129.000
304,14.292227,-108815768.000000,1022996.000
305,14.344551,-105490632.000000,1022996.000
306,14.396667,-104529912.000000,1020640.000
307,14.448591,-107129536.000000,1020640.000
308,14.500678,-111161536.000000,1010021.000
309,14.553013,-115034016.000000,1010021.000
310,14.605173,-118478680.000000,1008806.000
311,14.657485,-121501288.000000,1008806.000
312,14.709509,-124096424.000000,999522.000
313,14.761504,-126342968.000000,999522.000
314,14.813795,-127766768.000000,998045.000
315,14.865776,-128553088.000000,1000718.000
316,14.918062,-129119336.000000,1000718.000
317,14.970167,-129685536.000000,1002523.000
318,15.022208,-130710240.000000,1002523.000
319,15.074562,-131978824.000000,1006585.000
320,15.126477,-132983112.000000,1006585.000
321,15.178512,-133569736.000000,1007662.000
322,15.230764,-133874872.000000,1007662.000
323,15.283004,-134063280.000000,1010699.000
324,15.334939,-134179944.000000,1010699.000
325,15.387528,-134282192.000000,1006015.000
326,15.439304,-134382688.000000,1006015.000
327,15.491163,-134469760.000000,1004091.000
328,15.543615,-134545120.000000,1004091.000
329,15.648091,-134681952.000000,1004358.000
330,15.699963,-134807696.000000,984290.000
331,15.752093,-134862496.000000,984290.000
332,15.804275,-134860528.000000,977029.000
333,15.856348,-134853568.000000,977029.000
334,15.908354,-134854112.000000,978306.000
335,15.960523,-134856336.000000,978306.000
336,16.012922,-134906208.000000,978817.000
337,16.064795,-134944192.000000,977940.000
338,16.116917,-134956160.000000,977940.000
339,16.168937,-134925744.000000,978451.000
340,16.221092,-134897264.000000,978451.000
341,16.273746,-134805744.000000,978557.000
342,16.325422,-134679856.000000,978557.000
343,16.377801,-134631136.000000,978444.000
344,16.429722,-134668672.000000,978444.000
345,16.482007,-134597632.000000,977785.000
346,16.534136,-134471232.000000,977785.000
347,16.586358,-134499776.000000,978164.000
348,16.638544,-134538928.000000,978164.000
349,16.690370,-134556816.000000,977604.000
350,16.742674,-134562544.000000,977604.000
351,16.794615,-134558496.000000,976427.000
352,16.847037,-134576400.000000,976427.000
353,16.898997,-134579232.000000,976606.000
354,16.951109,-134549632.000000,976606.000
355,17.003238,-134502768.000000,983820.000
356,17.055311,-134513248.000000,983820.000
357,17.107376,-134536096.000000,986165.000
358,17.159589,-134521968.000000,986165.000
359,17.263875,-134404944.000000,980001.000
360,17.315927,-134237824.000000,980001.000
361,17.368169,-134289504.000000,979738.000
362,17.420405,-134360800.000000,979738.000
363,17.472344,-134427840.000000,980574.000
364,17.524659,-134474080.000000,980574.000
365,17.576896,-134493328.000000,981153.000
366,17.629102,-134520944.000000,981153.000
367,17.680866,-134496992.000000,981503.000
368,17.733215,-134551616.000000,981503.000
369,17.785361,-134556704.000000,982964.000
370,17.837257,-134463696.000000,982964.000
371,17.889410,-134460240.000000,982971.000
372,17.941705,-134463952.000000,982971.000
373,17.993696,-134470480.000000,984739.000
374,18.045856,-134474896.000000,984739.000
375,18.097935,-134490448.000000,983304.000
376,18.150155,-134485040.000000,983304.000
377,18.202434,-134455680.000000,984337.000
378,18.254499,-134488384.000000,984337.000
379,18.307067,-134461680.000000,984255.000
380,18.358853,-134397024.000000,984255.000
381,18.410827,-134410080.000000,982883.000
382,18.463148,-134439920.000000,983514.000
383,18.515127,-134457904.000000,983514.000
384,18.567281,-134490304.000000,981262.000
385,18.619483,-134510864.000000,981262.000
386,18.671711,-134488512.000000,980197.000
387,18.723650,-134504880.000000,980197.000
388,18.775828,-134600064.000000,977980.000
389,18.828479,-134987760.000000,977980.000
390,18.880187,-135493904.000000,883676.000
391,18.932455,-135730416.000000,883676.000
392,18.984569,-135848864.000000,880224.000
393,19.036485,-135898208.000000,880224.000
394,19.088809,-135899920.000000,880664.000
395,19.192919,-135872976.000000,882794.000
396,19.244994,-135898976.000000,882794.000
397,19.297104,-135904352.000000,883037.000
398,19.349404,-135859152.000000,883037.000
399,19.401449,-135892384.000000,883812.000
400,19.453605,-135858336.000000,883812.000
401,19.505655,-135843360.000000,889523.000
402,19.557831,-135920848.000000,889523.000
403,19.610134,-135985728.000000,875125.000
404,19.662189,-136035952.000000,872841.000
405,19.714440,-136034096.000000,872841.000
406,19.766425,-136014400.000000,874809.000
407,19.819030,-135979184.000000,874809.000
408,19.870729,-135872448.000000,886273.000
409,19.974899,-134740448.000000,892989.000
410,20.027228,-132175280.000000,892989.000
411,20.079590,-127904792.000000,891737.000
412,20.131632,-122652472.000000,891737.000
413,20.183635,-118327184.000000,891859.000
414,20.235608,-114941456.000000,891859.000
415,20.287978,-111676312.000000,882504.000
416,20.339676,-108297360.000000,882504.000
417,20.391872,-105914720.000000,880754.000
418,20.444384,-107010552.000000,880754.000
419,20.496170,-110845264.000000,880204.000
420,20.548690,-114854632.000000,880204.000
421,20.600756,-118631696.000000,880707.000
422,20.652780,-122003528.000000,880707.000
423,20.704990,-124836240.000000,880375.000
424,20.756824,-127228288.000000,891013.000
425,20.809251,-128960056.000000,891013.000
426,20.861679,-129902816.000000,892358.000
427,20.913592,-130340216.000000,892358.000
428,20.965645,-130319704.000000,956207.000
429,21.017900,-130715952.000000,956207.000
430,21.069736,-131787072.000000,1003237.000
431,21.121891,-132739416.000000,1003237.000
432,21.173932,-133471760.000000,999361.000
433,21.226151,-133883792.000000,999361.000
434,21.278172,-134137888.000000,996623.000
435,21.330547,-134389040.000000,996623.000
436,21.382733,-134541680.000000,995939.000
437,21.434693,-134684352.000000,995939.000
438,21.486836,-134794400.000000,996551.000
439,21.539022,-134908240.000000,996551.000
440,21.591099,-134970064.000000,996801.000
441,21.643485,-134956848.000000,996801.000
442,21.695401,-134972288.000000,996466.000
443,21.747792,-134993408.000000,996466.000
444,21.799622,-135007792.000000,994390.000
445,21.852006,-135008272.000000,994390.000
446,21.904149,-134996848.000000,992600.000
447,21.956272,-134997568.000000,987432.000
448,22.008398,-134980736.000000,987432.000
449,22.060272,-134924032.000000,988249.000
450,22.112459,-134867264.000000,988249.000
451,22.164502,-134819280.000000,989676.000
452,22.216674,-134785824.000000,989676.000
453,22.269169,-134739936.000000,989758.000
454,22.320976,-134709696.000000,989758.000
455,22.373102,-134655216.000000,990179.000
456,22.425137,-134610384.000000,990179.000
457,22.477272,-134580144.000000,991357.000
458,22.529561,-134555280.000000,991357.000
459,22.581643,-134569584.000000,992847.000
460,22.633844,-134573904.000000,992847.000
461,22.686102,-134565712.000000,996585.000
462,22.738352,-134493888.000000,996585.000
463,22.790163,-134418800.000000,1001811.000
464,22.842481,-134418752.000000,1001811.000
465,22.894421,-134385968.000000,990656.000
466,22.946787,-134356608.000000,990656.000
467,22.998734,-134584944.000000,987451.000
468,23.050827,-134524896.000000,987451.000
469,23.155156,-134271680.000000,987453.000
470,23.207217,-134271344.000000,987453.000
471,23.259452,-134282592.000000,986389.000
472,23.311634,-134310224.000000,986389.000
473,23.363860,-134344544.000000,987215.000
474,23.415866,-134383376.000000,987215.000
475,23.468301,-134406192.000000,984746.000
476,23.520034,-134703072.000000,984746.000
477,23.572319,-134640608.000000,983937.000
478,23.624481,-134308448.000000,983937.000
479,23.676733,-134365904.000000,984118.000
480,23.728878,-134417680.000000,984118.000
481,23.780890,-134468864.000000,981489.000
482,23.832768,-134520400.000000,981489.000
483,23.885208,-134526112.000000,981667.000
484,23.937417,-134532192.000000,981667.000
485,23.989399,-134690560.000000,981749.000
486,24.093639,-134530240.000000,981771.000
487,24.145975,-134350208.000000,981771.000
488,24.197921,-134396352.000000,982365.000
489,24.249818,-134427312.000000,982365.000
490,24.302165,-134459936.000000,982328.000
491,24.354535,-134476064.000000,982319.000
492,24.406329,-134453488.000000,982319.000
493,24.458731,-134467056.000000,982447.000
494,24.510614,-134977712.000000,982447.000
495,24.562965,-134870880.000000,984450.000
496,24.614843,-134198784.000000,984450.000
497,24.667231,-134127584.000000,997339.000
498,24.719110,-134123168.000000,997339.000
499,24.771473,-134125152.000000,998431.000
500,24.823316,-134148456.000000,998431.000
501,24.875637,-134181144.000000,999167.000
502,24.927738,-134181264.000000,999167.000
503,24.979842,-134192088.000000,1001907.000
504,25.031997,-134389104.000000,1001907.000
505,25.084344,-134287792.000000,1003788.000
506,25.136523,-134034816.000000,1003788.000
507,25.189276,-134079112.000000,1004845.000
508,25.240694,-134035736.000000,1004845.000
509,25.292909,-133958096.000000,1017287.000
510,25.344655,-133975512.000000,1017287.000
511,25.396959,-134052544.000000,1018365.000
512,25.449089,-134038160.000000,1015883.000
513,25.501392,-134340224.000000,1015883.000
514,25.553479,-134438544.000000,1002269.000
515,25.605434,-134101712.000000,1002269.000
516,25.658106,-134056544.000000,1003001.000
517,25.709762,-134088776.000000,1003001.000
518,25.762048,-134005576.000000,1011668.000
519,25.814202,-133898032.000000,1011668.000
520,25.866358,-133878832.000000,1022935.000
521,25.918630,-133949136.000000,1022935.000
522,25.970553,-133831624.000000,1000966.000
523,26.022604,-132518080.000000,1000966.000
524,26.074554,-128789984.000000,998364.000
525,26.127019,-123542352.000000,998364.000
526,26.179079,-118847136.000000,991725.000
527,26.230910,-115194568.000000,991725.000
528,26.283127,-112006336.000000,984763.000
529,26.335200,-108740936.000000,984763.000
530,26.387430,-105456480.000000,985020.000
531,26.439546,-104766432.000000,985020.000
532,26.491926,-107760048.000000,986517.000
533,26.543977,-111866184.000000,986517.000
534,26.596224,-115538520.000000,986510.000
535,26.648488,-118879936.000000,987212.000
536,26.700376,-121934512.000000,987212.000
537,26.804505,-126632160.000000,985457.000
538,26.856751,-128021696.000000,986364.000
539,26.908825,-128717280.000000,986364.000
540,26.960995,-129171616.000000,985814.000
541,27.012985,-130192112.000000,985814.000
542,27.065153,-131340248.000000,985542.000
543,27.117555,-132245344.000000,985542.000
544,27.169478,-133073968.000000,985876.000
545,27.221502,-133639840.000000,985876.000
546,27.273822,-133992208.000000,988529.000
547,27.326125,-134212144.000000,988529.000
548,27.378820,-134455216.000000,990664.000
549,27.430025,-134583856.000000,990664.000
550,27.482535,-134688688.000000,990601.000
551,27.534397,-134823984.000000,990601.000
552,27.586675,-134850544.000000,989826.000
553,27.638572,-134812784.000000,989826.000
554,27.690698,-134849296.000000,989454.000
555,27.742838,-134865632.000000,989454.000
556,27.795090,-134861056.000000,989342.000
557,27.847140,-134838608.000000,989662.000
558,27.899289,-134820496.000000,989662.000
559,27.951702,-134803440.000000,989031.000
560,28.003801,-134766304.000000,989031.000
561,28.055724,-134584464.000000,988085.000
562,28.108028,-134376800.000000,988085.000
563,28.160131,-134382352.000000,987418.000
564,28.212281,-134450320.000000,987418.000
565,28.368539,-134454816.000000,987349.000
566,28.421013,-134421296.000000,987349.000
567,28.472740,-134371968.000000,988095.000
568,28.525077,-134352400.000000,988095.000
569,28.577001,-134310576.000000,989826.000
570,28.629149,-134248320.000000,989826.000
571,28.681600,-134270608.000000,992011.000
572,28.733615,-134306080.000000,992011.000
573,28.785766,-134330352.000000,986351.000
574,28.837903,-134280592.000000,986351.000
575,28.889854,-134183680.000000,992481.000
576,28.942112,-134077944.000000,992481.000
577,28.994087,-134035544.000000,1007470.000
578,29.046232,-134107856.000000,1007117.000
579,29.098847,-134097520.000000,1007117.000
580,29.150544,-134035160.000000,1005128.000
581,29.202887,-134060912.000000,1005128.000
582,29.254697,-134099120.000000,1004463.000
583,29.307119,-134106376.000000,1004463.000
584,29.411436,-134445920.000000,990305.000
585,29.463511,-134493840.000000,971431.000
586,29.515996,-134524800.000000,971431.000
587,29.567858,-134545376.000000,973387.000
588,29.619734,-134511632.000000,973387.000
589,29.671817,-134479296.000000,973708.000
590,29.724161,-134499568.000000,973708.000
591,29.776410,-134500160.000000,974076.000
592,29.828742,-134479168.000000,974076.000
593,29.880435,-134475504.000000,974757.000
594,29.932778,-134433936.000000,974757.000
595,29.984819,-134390464.000000,977461.000
596,30.037004,-134407600.000000,977461.000
597,30.089275,-134382016.000000,979349.000
598,30.141052,-134352384.000000,979349.000
599,30.193220,-134373712.000000,982224.000
600,30.245767,-134398208.000000,982927.000
601,30.297646,-134390048.000000,982927.000
602,30.349685,-134406256.000000,982043.000
603,30.401803,-134417744.000000,982043.000
604,30.453779,-134390624.000000,983808.000
605,30.506048,-134405904.000000,983808.000
606,30.558092,-134472576.000000,981682.000
607,30.610253,-134461664.000000,981682.000
608,30.662675,-134389584.000000,979827.000
609,30.714827,-134400224.000000,979827.000
610,30.766865,-134398496.000000,980941.000
611,30.819233,-134363360.000000,980941.000
612,30.871056,-134374816.000000,982927.000
613,30.923232,-134382160.000000,982927.000
614,30.975382,-134350208.000000,982230.000
615,31.027589,-134345520.000000,982230.000
616,31.079571,-134343856.000000,982951.000
617,31.132222,-134286864.000000,982951.000
618,31.183741,-134237600.000000,982819.000
619,31.235987,-134240288.000000,982819.000
620,31.340168,-134316064.000000,983862.000
621,31.392603,-134355568.000000,983862.000
622,31.444346,-134340128.000000,985349.000
623,31.496821,-134309904.000000,985349.000
624,31.548927,-134347536.000000,986148.000
625,31.600805,-134348464.000000,986148.000
626,31.652893,-134295264.000000,985172.000
627,31.704965,-134312592.000000,985172.000
628,31.757400,-134330592.000000,984669.000
629,31.809429,-134339328.000000,984669.000
630,31.861791,-134351744.000000,984287.000
631,31.913893,-134362272.000000,984287.000
632,31.965860,-134338688.000000,984309.000
633,32.018349,-133216304.000000,984309.000
634,32.070040,-130571936.000000,985971.000
635,32.122466,-126227392.000000,985971.000
636,32.174438,-120970504.000000,989561.000
637,32.226413,-116741424.000000,989561.000
638,32.278567,-113455840.000000,993037.000
639,32.330689,-110270168.000000,993037.000
640,32.383099,-106919176.000000,992613.000
641,32.435139,-104755168.000000,992613.000
642,32.487371,-106046128.000000,992872.000
643,32.539255,-109847488.000000,992259.000
644,32.591504,-113752512.000000,992259.000
645,32.643659,-117409440.000000,994347.000
646,32.695764,-120719816.000000,994347.000
647,32.747808,-123508880.000000,992086.000
648,32.800306,-125793664.000000,992086.000
649,32.852261,-127406552.000000,998643.000
650,32.904227,-128260832.000000,998643.000
651,32.956199,-128823752.000000,1003344.000
652,33.008524,-129368808.000000,1003344.000
653,33.060523,-130343104.000000,1000529.000
654,33.112609,-131626232.000000,1000529.000
655,33.164900,-132636880.000000,999985.000
656,33.216937,-133267648.000000,999985.000
657,33.269164,-133600000.000000,1002004.000
658,33.321241,-133785328.000000,1002004.000
659,33.373481,-133919976.000000,1003026.000
660,33.425605,-134072184.000000,1003026.000
661,33.477925,-134168912.000000,1004311.000
662,33.529806,-134282848.000000,1004311.000
663,33.582004,-134369776.000000,1006404.000
664,33.634258,-134388320.000000,1006404.000
665,33.686253,-134371808.000000,1006995.000
666,33.738277,-134387456.000000,1007063.000
667,33.790457,-134401104.000000,1007063.000
668,33.842613,-134392768.000000,1006529.000
669,33.894708,-134391424.000000,1006529.000
670,33.947093,-134441184.000000,1000824.000
671,33.998956,-134514848.000000,1000824.000
672,34.051262,-134600160.000000,986338.000
673,34.103600,-134567264.000000,986338.000
674,34.155488,-134435936.000000,989291.000
675,34.207498,-134305584.000000,989291.000
676,34.259891,-134165616.000000,1009199.000
677,34.311854,-134096824.000000,1009199.000
678,34.363920,-134095392.000000,1006560.000
679,34.416093,-134130456.000000,1006560.000
680,34.468331,-134133712.000000,998724.000
681,34.520271,-134072064.000000,998724.000
682,34.572685,-134009952.000000,1001613.000
683,34.624468,-133953504.000000,1001613.000
684,34.676590,-133905264.000000,1006633.000
685,34.728759,-133922576.000000,1006633.000
686,34.781031,-133926424.000000,1000360.000
687,34.833021,-133916488.000000,1000360.000
688,34.885172,-133893592.000000,1000762.000
689,34.937493,-133892368.000000,998575.000
690,34.989588,-133876312.000000,998575.000
691,35.041743,-133841736.000000,997977.000
692,35.093800,-133869056.000000,997977.000
693,35.146047,-133880056.000000,997454.000
694,35.198653,-133845816.000000,997454.000
695,35.250385,-133850504.000000,998871.000
696,35.354374,-133933520.000000,997100.000
697,35.406821,-133948704.000000,997100.000
698,35.458719,-133981664.000000,996206.000
699,35.510966,-133982912.000000,996206.000
700,35.563102,-134013864.000000,995166.000
701,35.615312,-134050568.000000,995166.000
702,35.667545,-134071784.000000,994258.000
703,35.719413,-134065504.000000,994258.000
704,35.771701,-134086544.000000,994430.000
705,35.823961,-134097000.000000,994430.000
706,35.875927,-134085640.000000,995392.000
707,35.927974,-134084072.000000,995392.000
708,35.980097,-134091528.000000,994996.000
709,36.032374,-134073360.000000,994551.000
710,36.084617,-134067424.000000,994551.000
711,36.136406,-134095928.000000,993857.000
712,36.188813,-134088960.000000,993857.000
713,36.240774,-134070384.000000,994230.000
714,36.293098,-134049128.000000,994230.000
715,36.345210,-134039952.000000,992360.000
716,36.397466,-134084512.000000,992360.000
717,36.449354,-134111376.000000,988447.000
718,36.501434,-134108928.000000,988447.000
719,36.553591,-134109872.000000,987852.000
720,36.605875,-134125440.000000,987852.000
721,36.658339,-134139856.000000,984177.000
722,36.710139,-134130888.000000,984177.000
723,36.762219,-134118312.000000,985506.000
724,36.814476,-134082552.000000,985506.000
725,36.866734,-134081440.000000,984704.000
726,36.918454,-134115000.000000,984704.000
727,36.970631,-134146096.000000,980557.000
728,37.022647,-134186064.000000,980557.000
729,37.075196,-134252352.000000,972115.000
730,37.127130,-134325040.000000,972115.000
731,37.179127,-134245296.000000,966244.000
732,37.231626,-134092416.000000,990773.000
733,37.283717,-134071480.000000,990773.000
734,37.335850,-134123792.000000,987662.000
735,37.387790,-134184104.000000,987662.000
736,37.439925,-134299040.000000,980550.000
737,37.492148,-134390784.000000,980550.000
738,37.544151,-134380272.000000,979947.000
739,37.596411,-134282960.000000,979947.000
740,37.648618,-134153152.000000,991767.000
741,37.700514,-134141376.000000,991767.000
742,37.752970,-134306464.000000,984773.000
743,37.804860,-134264128.000000,984773.000
744,37.857021,-134052272.000000,991788.000
745,37.909328,-134020392.000000,991788.000
746,37.961066,-134069392.000000,990581.000
747,38.013669,-133781328.000000,990581.000
748,38.065759,-132058960.000000,985268.000
749,38.117846,-128289752.000000,985268.000
750,38.169585,-123249672.000000,985756.000
751,38.222000,-118516600.000000,985756.000
752,38.273860,-115024256.000000,994431.000
753,38.326047,-111845536.000000,994431.000
754,38.378157,-108384848.000000,985093.000
755,38.430303,-105254744.000000,972271.000
756,38.482499,-104935392.000000,972271.000
757,38.534740,-108026720.000000,975132.000
758,38.586715,-112043672.000000,975132.000
759,38.639026,-115835568.000000,979934.000
760,38.690934,-119260544.000000,979934.000
761,38.743041,-122294424.000000,979989.000
762,38.795196,-124813200.000000,979989.000
763,38.847405,-126796536.000000,981442.000
764,38.899548,-128080608.000000,981442.000
765,38.951673,-128881888.000000,982686.000
766,39.003917,-129303520.000000,982686.000
767,39.056209,-129876400.000000,1001254.000
768,39.108752,-130996472.000000,1001254.000
769,39.160468,-132198192.000000,1008690.000
770,39.212578,-133023312.000000,1008690.000
771,39.264757,-133596072.000000,991857.000
772,39.316819,-133966216.000000,991857.000
773,39.369426,-134186528.000000,988477.000
774,39.421175,-134409984.000000,988477.000
775,39.473052,-134474848.000000,979090.000
776,39.525153,-134551344.000000,979090.000
777,39.577393,-134645520.000000,988911.000
778,39.629396,-134699040.000000,990907.000
779,39.681589,-134721344.000000,990907.000
780,39.733878,-134805808.000000,979955.000
781,39.785672,-134940864.000000,979955.000
782,39.838490,-134927504.000000,973938.000
783,39.890313,-134828000.000000,973938.000
784,39.942511,-134780752.000000,977673.000
785,39.994429,-134753072.000000,977673.000
786,40.046673,-134720976.000000,982491.000
787,40.098884,-134644448.000000,982491.000
788,40.150876,-134572800.000000,982578.000
789,40.202859,-134566848.000000,982578.000
790,40.255196,-134682480.000000,982086.000
791,40.307101,-134629808.000000,982086.000
792,40.359519,-134414256.000000,981711.000
793,40.411934,-134334784.000000,981711.000
794,40.463826,-134316304.000000,985630.000
795,40.515943,-134318656.000000,985630.000
796,40.568047,-134320080.000000,983664.000
797,40.619936,-134311952.000000,983664.000
798,40.672355,-134279776.000000,982394.000
799,40.724399,-134250752.000000,982394.000
800,40.776421,-134408880.000000,983655.000
801,40.828379,-134340544.000000,983707.000
802,40.880793,-134103400.000000,983707.000
803,40.932868,-134086832.000000,981527.000
804,40.985437,-134101312.000000,981527.000
805,41.037596,-134187072.000000,980583.000
806,41.089546,-134284016.000000,980583.000
807,41.141254,-134354768.000000,980049.000
808,41.193357,-134387904.000000,980049.000
809,41.245680,-134415632.000000,976672.000
810,41.298009,-134461408.000000,976672.000
811,41.350141,-134453520.000000,976523.000
812,41.402076,-134437888.000000,976523.000
813,41.454393,-134449312.000000,975861.000
814,41.506240,-134475200.000000,975861.000
815,41.558748,-134479648.000000,978242.000
816,41.610654,-134373872.000000,978242.000
817,41.662910,-134228944.000000,977976.000
818,41.715017,-134187728.000000,977976.000
819,41.767096,-134241872.000000,977861.000
820,41.819221,-134311344.000000,977861.000
821,41.871342,-134358080.000000,977731.000
822,41.923574,-134347136.000000,977369.000
823,41.975713,-134349536.000000,977369.000
824,42.028218,-134355840.000000,976923.000
825,42.079718,-134331232.000000,976923.000
826,42.131998,-134344432.000000,977449.000
827,42.184247,-134335168.000000,977449.000
828,42.236026,-134300096.000000,974067.000
829,42.288939,-134285072.000000,974067.000
830,42.340399,-134275056.000000,975723.000
831,42.444695,-134249280.000000,980310.000
832,42.548987,-134256672.000000,980133.000
833,42.601381,-134276656.000000,980133.000
834,42.653610,-134295408.000000,980466.000
835,42.705587,-134270304.000000,980466.000
836,42.809706,-134266672.000000,979574.000
837,42.861933,-134299520.000000,980002.000
838,42.914095,-134291600.000000,980002.000
839,42.966224,-134279728.000000,980499.000
840,43.018060,-134289808.000000,980499.000
841,43.070151,-134273744.000000,979952.000
842,43.122356,-134277152.000000,980000.000
843,43.174570,-134287024.000000,980000.000
844,43.226750,-134274240.000000,981284.000
845,43.278986,-134271120.000000,981284.000
846,43.330893,-134278144.000000,981106.000
847,43.383288,-134296032.000000,981106.000
848,43.435407,-134280368.000000,981088.000
849,43.487609,-134275296.000000,981088.000
850,43.539411,-134290992.000000,980824.000
851,43.591585,-134269488.000000,980824.000
852,43.643655,-134301888.000000,982936.000
853,43.695783,-134369152.000000,982936.000
854,43.800073,-134401968.000000,983724.000
855,43.852327,-134391200.000000,983740.000
856,43.904622,-134371200.000000,983740.000
857,43.956698,-134307120.000000,980253.000
858,44.008715,-134237552.000000,980253.000
859,44.060948,-133077424.000000,982094.000
860,44.113213,-130286944.000000,982094.000
861,44.165089,-125821520.000000,980881.000
862,44.217556,-120579880.000000,980881.000
863,44.321385,-113081088.000000,982962.000
864,44.373564,-109870216.000000,982962.000
865,44.425772,-106617560.000000,983797.000
866,44.478294,-104699888.000000,983797.000
867,44.530310,-106175232.000000,986937.000
868,44.582304,-110250136.000000,986937.000
869,44.634591,-114127016.000000,986787.000
870,44.686496,-117481024.000000,986787.000
871,44.738874,-120703984.000000,985817.000
872,44.790808,-123372480.000000,985817.000
873,44.842780,-125762744.000000,983804.000
874,44.895136,-127510280.000000,983804.000
875,44.947286,-128492552.000000,982785.000
876,44.999217,-129205912.000000,982785.000
877,45.051294,-129504696.000000,979887.000
878,45.103697,-130236416.000000,979887.000
879,45.155817,-131459824.000000,994104.000
880,45.207733,-132338184.000000,994104.000
881,45.259821,-132986592.000000,1000008.000
882,45.312048,-133416568.000000,1000008.000
883,45.364469,-133859168.000000,991488.000
884,45.416584,-134166120.000000,991488.000
885,45.468426,-134271792.000000,984929.000
886,45.520594,-134339904.000000,991552.000
887,45.572571,-134216344.000000,991552.000
888,45.625041,-134036432.000000,1008491.000
889,45.677125,-134103696.000000,1008491.000
890,45.781320,-134325744.000000,1000937.000
891,45.885426,-134343696.000000,1003881.000
892,45.937745,-134319856.000000,1005942.000
893,45.989837,-134277696.000000,1005942.000
894,46.041825,-134274672.000000,1005991.000
895,46.094004,-134274464.000000,1005991.000
896,46.146141,-134192960.000000,1005198.000
897,46.198556,-134159240.000000,1005198.000
898,46.251001,-134165536.000000,1002352.000
899,46.302476,-134134944.000000,1002352.000
900,46.354606,-134077224.000000,1004922.000
901,46.406755,-134036248.000000,1004922.000
902,46.458893,-134002592.000000,1006441.000
903,46.510981,-133992944.000000,1006441.000
904,46.563203,-133956160.000000,1002542.000
905,46.615226,-133888440.000000,1002542.000
906,46.667456,-133839296.000000,1013796.000
907,46.719558,-133816360.000000,1012009.000
908,46.771663,-133889272.000000,1012009.000
909,46.823946,-133981352.000000,1003623.000
910,46.875997,-134060816.000000,1003623.000
911,46.928675,-134128856.000000,1003921.000
912,46.980652,-134138096.000000,1003921.000
913,47.032683,-134099168.000000,1002962.000
914,47.084759,-134036688.000000,1002962.000
915,47.136829,-133991800.000000,1003989.000
916,47.188653,-133957632.000000,1003989.000
917,47.240985,-134144208.000000,1004589.000
918,47.293406,-134101296.000000,1004589.000
919,47.345220,-133798128.000000,1006422.000
920,47.397293,-133771552.000000,1006422.000
921,47.449338,-133814640.000000,1005663.000
922,47.501691,-133819360.000000,1005663.000
923,47.553927,-133832696.000000,1005424.000
924,47.606301,-133861440.000000,1005424.000
925,47.658374,-133840408.000000,1006366.000
926,47.710602,-133854312.000000,1006366.000
927,47.762264,-134052648.000000,1004039.000
928,47.814503,-134001000.000000,1003382.000
929,47.866702,-133816352.000000,1003382.000
930,47.918816,-133850360.000000,1002020.000
931,47.970712,-133856936.000000,1002020.000
932,48.023233,-133864104.000000,1003493.000
933,48.075024,-133898352.000000,1003493.000
934,48.127338,-133930272.000000,1002820.000
935,48.179346,-133893936.000000,1002820.000
936,48.231745,-133868976.000000,1005449.000
937,48.284256,-133877008.000000,1005449.000
938,48.335892,-133852912.000000,1005701.000
939,48.388248,-133879824.000000,1005701.000
940,48.440031,-133958064.000000,999102.000
941,48.492283,-133992112.000000,999102.000
942,48.544778,-133991800.000000,997046.000
943,48.596428,-133993048.000000,997046.000
944,48.648578,-134001168.000000,998411.000
945,48.700783,-134009472.000000,998411.000
946,48.752849,-134009968.000000,999074.000
947,48.805242,-134019712.000000,999074.000
948,48.856997,-134024080.000000,998576.000
949,48.909252,-134008544.000000,998576.000
950,48.961285,-133999248.000000,999403.000
951,49.013561,-133983744.000000,1000442.000
952,49.065560,-133990640.000000,1000442.000
953,49.117640,-134123128.000000,998419.000
954,49.169936,-134084320.000000,998419.000
955,49.222009,-133950192.000000,997498.000
956,49.274329,-133960440.000000,997498.000
957,49.326215,-133951648.000000,997441.000
958,49.378299,-133970184.000000,997441.000
959,49.430689,-133997432.000000,996131.000
960,49.482896,-134004896.000000,996131.000
961,49.534730,-134018760.000000,992706.000
962,49.586978,-134045736.000000,992706.000
963,49.639124,-134122896.000000,992040.000
964,49.691278,-134061696.000000,992040.000
965,49.743586,-133957952.000000,991362.000
966,49.795648,-133997256.000000,991362.000
967,49.847687,-133995832.000000,990812.000
968,49.899787,-133996488.000000,990812.000
969,49.951944,-134030064.000000,996907.000
970,50.004280,-134013664.000000,996907.000
971,50.056085,-133573440.000000,996074.000
972,50.108927,-131869576.000000,996074.000
973,50.160587,-127966352.000000,994602.000
974,50.212750,-122735936.000000,997133.000
975,50.264961,-118106320.000000,997133.000
976,50.317141,-114444744.000000,997602.000
977,50.368938,-111206760.000000,997602.000
978,50.421215,-108060592.000000,996692.000
979,50.473132,-105068680.000000,996692.000
980,50.525337,-104789328.000000,990763.000
981,50.577595,-107934560.000000,990763.000
982,50.629668,-112156184.000000,992244.000
983,50.681929,-115788024.000000,992244.000
984,50.733954,-118822536.000000,1008761.000
985,50.785973,-121773728.000000,1008761.000
986,50.838169,-124282536.000000,1008020.000
987,50.890476,-126396576.000000,1008020.000
988,50.942699,-127737096.000000,1007414.000
989,50.994501,-128502192.000000,1007414.000
990,51.046828,-129026600.000000,1006593.000
991,51.099067,-129731520.000000,1006593.000
992,51.150928,-130906160.000000,1004645.000
993,51.203293,-132000984.000000,1004645.000
994,51.255520,-132681880.000000,1008392.000
995,51.307410,-133208704.000000,1008392.000
996,51.359575,-133524152.000000,1010011.000
997,51.411696,-133649712.000000,1013842.000
998,51.463756,-133814456.000000,1013842.000
999,51.515863,-133933512.000000,1013086.000
1000,51.568148,-134054312.000000,1013086.000
1001,51.620153,-134418640.000000,1007448.000
1002,51.672343,-134470400.000000,1007448.000
1003,51.724424,-134219312.000000,1005768.000
1004,51.777058,-134247776.000000,1005768.000
1005,51.828673,-134294080.000000,1003986.000
1006,51.880998,-134301504.000000,1003986.000
1007,51.933403,-134317296.000000,1000328.000
1008,51.985258,-134333328.000000,1000328.000
1009,52.037238,-134273088.000000,1000039.000
1010,52.089590,-134236352.000000,1000039.000
1011,52.141851,-134362848.000000,1000969.000
1012,52.193676,-134236400.000000,1000969.000
1013,52.245902,-133993904.000000,1003776.000
1014,52.298143,-133988816.000000,1003776.000
1015,52.350148,-133980992.000000,1001800.000
1016,52.402147,-133970936.000000,1001800.000
1017,52.454360,-133971720.000000,999455.000
1018,52.506489,-133991080.000000,998892.000
1019,52.558542,-133963432.000000,998892.000
1020,52.610762,-134023744.000000,998884.000
1021,52.663116,-134016624.000000,998884.000
1022,52.715155,-133822072.000000,1002605.000
1023,52.767093,-133778848.000000,1002605.000
1024,52.819289,-133821080.000000,1004182.000
1025,52.871521,-133827720.000000,1004182.000
1026,52.923723,-133858944.000000,1000667.000
1027,52.975848,-133910624.000000,1000667.000
1028,53.027833,-133933248.000000,998183.000
1029,53.079959,-133944792.000000,998183.000
1030,53.132084,-133974456.000000,994873.000
1031,53.184374,-133989856.000000,994873.000
1032,53.236222,-133820296.000000,995230.000
1033,53.288937,-133663776.000000,995230.000
1034,53.340600,-133743024.000000,994125.000
1035,53.393014,-133813464.000000,994125.000
1036,53.444810,-133863720.000000,994890.000
1037,53.497155,-133916488.000000,994890.000
1038,53.549380,-133918968.000000,994454.000
1039,53.601186,-133949560.000000,994454.000
1040,53.653460,-133986016.000000,993709.000
1041,53.705675,-134052184.000000,994506.000
1042,53.757850,-134057792.000000,994506.000
1043,53.810001,-133994272.000000,995253.000
1044,53.861911,-134000592.000000,995253.000
1045,53.914052,-134018280.000000,994626.000
1046,53.966328,-134031712.000000,994626.000
1047,54.018347,-134048072.000000,994943.000
1048,54.070517,-134044752.000000,994943.000
1049,54.122541,-134054048.000000,994656.000
1050,54.174740,-134085528.000000,994656.000
1051,54.226862,-134103432.000000,995264.000
1052,54.278897,-134050256.000000,995264.000
1053,54.331050,-133983720.000000,994407.000
1054,54.383172,-133967288.000000,994407.000
1055,54.435453,-133963640.000000,994175.000
1056,54.487598,-133968272.000000,994175.000
1057,54.539526,-133953416.000000,994055.000
1058,54.591846,-133968424.000000,994055.000
1059,54.643933,-133979512.000000,994131.000
1060,54.696189,-133995656.000000,994131.000
1061,54.748534,-133968680.000000,993564.000
1062,54.800319,-133905024.000000,993564.000
1063,54.852696,-133916392.000000,994400.000
1064,54.904743,-133933440.000000,993772.000
1065,54.956866,-133959504.000000,993772.000
1066,55.008753,-133999560.000000,993974.000
1067,55.061573,-134004488.000000,993974.000
1068,55.113093,-133988232.000000,994970.000
1069,55.165991,-134004592.000000,994970.000
1070,55.217382,-134069056.000000,994515.000
1071,55.269566,-134035456.000000,994515.000
1072,55.321916,-133967696.000000,992768.000
1073,55.374191,-133971864.000000,992768.000
1074,55.426137,-133967312.000000,992781.000
1075,55.478279,-133978768.000000,992781.000
1076,55.530182,-134010176.000000,992286.000
1077,55.582341,-134020096.000000,992286.000
1078,55.634377,-134016608.000000,992630.000
1079,55.686581,-134021968.000000,992630.000
1080,55.738679,-134003312.000000,993101.000
1081,55.790941,-133992672.000000,993101.000
1082,55.843067,-133996992.000000,992661.000
1083,55.895023,-133980640.000000,992661.000
1084,55.947498,-133982408.000000,993108.000
1085,55.999335,-134009600.000000,993108.000
1086,56.051560,-134008584.000000,992356.000
1087,56.103599,-132717728.000000,994042.000
1088,56.156230,-129741184.000000,994042.000
1089,56.208517,-125344872.000000,996357.000
1090,56.260120,-120217280.000000,996357.000
1091,56.312260,-116092248.000000,994022.000
1092,56.364895,-112858496.000000,994022.000
1093,56.416357,-109663480.000000,978259.000
1094,56.468834,-106353552.000000,978259.000
1095,56.520833,-104517328.000000,995873.000
1096,56.572747,-106095648.000000,995873.000
1097,56.625100,-109898056.000000,1003115.000
1098,56.677116,-113815472.000000,1003115.000
1099,56.729239,-117470048.000000,1003123.000
1100,56.781911,-120691000.000000,1003123.000
1101,56.833532,-123370608.000000,1003345.000
1102,56.885704,-125694392.000000,1003345.000
1103,56.937733,-127353424.000000,1002936.000
1104,56.990071,-128279152.000000,1002936.000
1105,57.042546,-128825776.000000,1004009.000
1106,57.094530,-129225496.000000,1004009.000
1107,57.146284,-130308792.000000,1002611.000
1108,57.198945,-131562496.000000,1002611.000
1109,57.302685,-132933432.000000,1006162.000
1110,57.354779,-133299984.000000,1006162.000
1111,57.407134,-133545416.000000,1011383.000
1112,57.459462,-133769856.000000,1011383.000
1113,57.511340,-133886296.000000,1006381.000
1114,57.563451,-134020088.000000,1006381.000
1115,57.667789,-134407168.000000,1001316.000
1116,57.720009,-134191424.000000,1001366.000
1117,57.772076,-133938208.000000,1001366.000
1118,57.824358,-133891696.000000,1020142.000
1119,57.876243,-133907936.000000,1020142.000
1120,57.928269,-133968472.000000,1014995.000
1121,57.980654,-134049520.000000,1014995.000
1122,58.032644,-134070704.000000,1003533.000
1123,58.084858,-134034344.000000,1003533.000
1124,58.137234,-134527520.000000,1004602.000
1125,58.189065,-134452560.000000,1004602.000
1126,58.241140,-133775488.000000,1004832.000
1127,58.293702,-133689152.000000,1004832.000
1128,58.345382,-133692960.000000,1005247.000
1129,58.398218,-133719664.000000,1005840.000
1130,58.449652,-133712720.000000,1005840.000
1131,58.501788,-133686624.000000,1007083.000
1132,58.554154,-133675696.000000,1007083.000
1133,58.606108,-133647600.000000,1006950.000
1134,58.658523,-133960336.000000,1006950.000
1135,58.710354,-133858120.000000,1007316.000
1136,58.762684,-133407936.000000,1007316.000
1137,58.815227,-133465952.000000,1006427.000
1138,58.866737,-133537752.000000,1006427.000
1139,58.918889,-133564320.000000,1011712.000
1140,58.970983,-133614672.000000,1011712.000
1141,59.023475,-133674648.000000,1007332.000
1142,59.075706,-133698464.000000,1007332.000
1143,59.127494,-133990704.000000,1008609.000
1144,59.180141,-133981368.000000,1008609.000
1145,59.231663,-133544432.000000,1014924.000
1146,59.284000,-133469216.000000,1014924.000
1147,59.335919,-133562320.000000,1007385.000
1148,59.440239,-133572128.000000,1012529.000
1149,59.492805,-133564360.000000,1012529.000
1150,59.544500,-133570256.000000,1016278.000
1151,59.596640,-133571456.000000,1013652.000
1152,59.648667,-134092080.000000,1013652.000
1153,59.700878,-134048320.000000,1010263.000
1154,59.752941,-133460024.000000,1010263.000
1155,59.805243,-133449656.000000,1009978.000
1156,59.857228,-133505448.000000,1009978.000
1157,59.909378,-133569496.000000,1009936.000
1158,59.961582,-133593792.000000,1009936.000
1159,60.013850,-133612192.000000,1010625.000

--- RESUMEN ---
Muestras totales,1160
Tiempo total (s),60.017
Frecuencia (Hz),19.33
Voltaje promedio (V),-131812013.565517
Voltaje desv. std,6573688.648741
Temperatura promedio (°C),986901.405
Temperatura desv. std,27871.338
